Specificity : 57.371912555323426
Sensitivity : 83.45198538199855
Dice Measure : 43.85807427097927
